%YAML:1.0
---
camMatrix: !!opencv-matrix
   rows: 3
   cols: 3
   dt: d
   data: [ 8.7052920053992159e+02, 0., 2.3374981268186460e+02, 0.,
       8.7061819906037738e+02, 2.7337837571752908e+02, 0., 0., 1. ]
distCoef: !!opencv-matrix
   rows: 1
   cols: 5
   dt: d
   data: [ -3.3600274826743909e-01, -4.9375125584147944e-01,
       1.6407264318344912e-03, 1.1166439927459795e-02,
       1.6304997699655777e+00 ]
